0 0.434551 0.894146 0.108320 0.210764
0 0.597031 0.644715 0.075063 0.097042
0 0.346391 0.492667 0.041953 0.043139
0 0.294973 0.465611 0.042773 0.051917
0 0.562090 0.491944 0.042711 0.040972
0 0.568543 0.447424 0.043320 0.038236
0 0.252441 0.404187 0.031117 0.030819
0 0.189320 0.395236 0.028750 0.022917
0 0.830715 0.612056 0.071617 0.062139
0 0.985582 0.636264 0.028383 0.087583
0 0.639145 0.561507 0.038602 0.050625
0 0.307414 0.529340 0.047016 0.072653
0 0.239656 0.521167 0.040266 0.063167
0 0.382117 0.624201 0.050766 0.077236
0 0.340457 0.421069 0.031586 0.039028
0 0.668086 0.521965 0.043828 0.044931
0 0.423809 0.421687 0.037070 0.034153
0 0.507133 0.464465 0.040359 0.037986
0 0.874926 0.697778 0.079148 0.081972
0 0.273965 0.839493 0.085648 0.135764
0 0.853082 0.942514 0.107055 0.108250
